lastAccountName: mightychoco
timestamps:
  login: 1606792555789
  logout: 1606792595282
ipAddress: 122.57.83.45
logoutlocation:
  world: world
  x: -81.67158078014454
  y: 63.0
  z: 697.5322413884758
  yaw: -313.9518
  pitch: 10.5003805
