lastAccountName: mightychoco
timestamps:
  login: 1607032751821
  logout: 1607033148659
ipAddress: 122.57.83.45
logoutlocation:
  world: world
  x: -89.58834504791912
  y: 63.0
  z: 682.0535315645263
  yaw: -18.078247
  pitch: 19.650244
