lastAccountName: mightychoco
timestamps:
  login: 1607416523193
  logout: 1607418410067
ipAddress: 122.57.83.45
logoutlocation:
  world: world
  x: -78.36604719198586
  y: 63.0
  z: 681.8496033890185
  yaw: -167.12213
  pitch: 17.548834
