lastAccountName: 2Sp1cy
timestamps:
  login: 1607415328925
  logout: 1607406890817
ipAddress: 151.210.138.26
logoutlocation:
  world: world
  x: -116.48750001192093
  y: 55.0
  z: 729.3000000119209
  yaw: 35.75659
  pitch: 4.3115535
