lastAccountName: 2Sp1cy
timestamps:
  login: 1606987250472
  logout: 1606991369244
ipAddress: 151.210.138.26
logoutlocation:
  world: world
  x: -81.83417381641445
  y: 63.0
  z: 675.8247805335947
  yaw: -31.580383
  pitch: 39.677246
