lastAccountName: stackdocker3
timestamps:
  login: 1607673591994
  logout: 1607673605309
ipAddress: 192.168.50.1
logoutlocation:
  world: world
  x: -8.334222591642117
  y: 62.0
  z: 253.3177847070816
  yaw: 32.586113
  pitch: 4.350002
