lastAccountName: stackdocker2
timestamps:
  login: 1607415273777
  logout: 1607415372774
ipAddress: 192.168.50.1
logoutlocation:
  world: world
  x: -58.0761634611707
  y: 63.0
  z: 714.032864750979
  yaw: -268.2441
  pitch: 8.850015
lastlocation:
  world: world
  x: 186.60255749311483
  y: 65.0
  z: -508.14982540330664
  yaw: -230.60751
  pitch: 32.749935
money: '3618.10630000000003406'
