lastAccountName: stackdocker2
timestamps:
  login: 1606791510377
  logout: 1606791581295
ipAddress: 192.168.50.1
logoutlocation:
  world: world
  x: 172.4620770381835
  y: 62.0
  z: -504.78713038029696
  yaw: -166.55792
  pitch: 8.750006
