lastAccountName: stackdocker2
timestamps:
  login: 1607019766121
  logout: 1607020933202
ipAddress: 192.168.50.1
logoutlocation:
  world: world
  x: -88.25064286663913
  y: 63.0
  z: 683.6041539982789
  yaw: 247.00232
  pitch: 6.3485055
lastlocation:
  world: world
  x: 186.60255749311483
  y: 65.0
  z: -508.14982540330664
  yaw: -230.60751
  pitch: 32.749935
