lastAccountName: stackdocker2
timestamps:
  login: 1607729769421
  logout: 1607742340550
ipAddress: 192.168.50.1
logoutlocation:
  world: world
  x: -120.63171612211256
  y: 124.29318110395937
  z: 750.6979526226096
  yaw: -175.33545
  pitch: 40.649887
lastlocation:
  world: world
  x: -78.53590133235905
  y: 70.81650676966343
  z: 679.4301593953625
  yaw: -121.84546
  pitch: 18.44974
money: '28237.42120000000006418'
afk: false
