lastAccountName: stackdocker1
timestamps:
  login: 1606792777766
  logout: 1606792806209
ipAddress: 192.168.50.1
logoutlocation:
  world: world
  x: -78.89661156292075
  y: 63.0
  z: 684.1227355441932
  yaw: 28.58612
  pitch: 19.949984
