lastAccountName: MemeCraft10098
timestamps:
  login: 1606970080682
  logout: 1606970253697
ipAddress: 161.29.188.38
logoutlocation:
  world: world
  x: -71.64388320349514
  y: 59.0
  z: 690.434615532631
  yaw: -180.28323
  pitch: 21.150438
