lastAccountName: MemeCraft10098
timestamps:
  login: 1607575684177
  logout: 1607576902544
ipAddress: 101.100.155.114
logoutlocation:
  world: world
  x: -80.74860361894424
  y: 63.0
  z: 675.3112339931139
  yaw: 282.7503
  pitch: 9.149998
