lastAccountName: MemeCraft10098
timestamps:
  login: 1607403085574
  logout: 1607404757307
ipAddress: 101.100.155.119
logoutlocation:
  world: world
  x: -119.24581418817185
  y: 55.0
  z: 734.2461503567699
  yaw: 71.550446
  pitch: 14.099964
