lastAccountName: Max Carnage
timestamps:
  login: 1607324346750
  logout: 1607327000925
ipAddress: 101.98.102.130
logoutlocation:
  world: world
  x: -97.10504943025335
  y: 63.0
  z: 734.6999999880791
  yaw: 269.24976
  pitch: 9.850005
