lastAccountName: Max Carnage
timestamps:
  login: 1607024895621
  logout: 1607025534996
ipAddress: 101.98.102.130
logoutlocation:
  world: world
  x: -103.9419460888965
  y: 76.0
  z: 673.1483377628091
  yaw: 186.30212
  pitch: 36.299984
