lastAccountName: Vennilli
timestamps:
  login: 1606991279979
  logout: 1606993116554
ipAddress: 47.72.138.154
logoutlocation:
  world: world
  x: -37.586646924192536
  y: 64.0
  z: 745.3037087153941
  yaw: -170.74231
  pitch: 17.700336
