lastAccountName: Vennilli
timestamps:
  login: 1607325945294
  logout: 1607332143531
ipAddress: 47.72.138.154
logoutlocation:
  world: world
  x: -76.80451169377507
  y: 63.0
  z: 685.0542966127241
  yaw: 115.88584
  pitch: 46.049927
