lastAccountName: Vennilli
timestamps:
  login: 1607665625582
  logout: 1607598174504
ipAddress: 47.72.138.154
logoutlocation:
  world: world
  x: -76.40842568294104
  y: 63.0
  z: 670.8164799856701
  yaw: 86.83236
  pitch: 22.350052
money: '172.9228333333333437'
lastlocation:
  world: world
  x: -27.5
  y: 131.0
  z: -324.5
  yaw: -296.06406
  pitch: -1.0499448
