lastAccountName: UnknownLaTrader
timestamps:
  login: 1607149796194
  logout: 1607151446969
ipAddress: 115.189.95.37
logoutlocation:
  world: world
  x: -82.58492412283334
  y: 63.0
  z: 684.6494107076823
  yaw: 137.99445
  pitch: 56.249954
