lastAccountName: UnknownLaTrader
timestamps:
  login: 1607733205172
  logout: 1607733303876
ipAddress: 101.98.102.130
logoutlocation:
  world: world
  x: -48.69999998807906
  y: 61.0
  z: 629.3000000119209
  yaw: -78.38574
  pitch: 8.699818
