lastAccountName: kaza_azak
timestamps:
  login: 1606897417571
  logout: 1606901582052
ipAddress: 121.75.99.40
logoutlocation:
  world: world
  x: -83.6794910984214
  y: 68.0
  z: 682.2770805859861
  yaw: -145.09619
  pitch: 19.200222
