lastAccountName: ssedoc
timestamps:
  login: 1607764793689
  logout: 1607768100496
ipAddress: 113.197.99.232
logoutlocation:
  world: world
  x: -115.02210685212184
  y: 63.0
  z: 733.9271747773295
  yaw: -269.71088
  pitch: 18.749168
money: '97.9675000000000037'
lastlocation:
  world: world
  x: 33.26306041178502
  y: 70.0
  z: 382.6101113782688
  yaw: 339.82935
  pitch: 1.650336
