lastAccountName: ssedoc
timestamps:
  login: 1607415464122
  logout: 1607415463924
ipAddress: 113.197.98.166
logoutlocation:
  world: world
  x: -119.21312394447713
  y: 55.0
  z: 735.8244117386232
  yaw: 200.59811
  pitch: 16.349566
