lastAccountName: ssedoc
timestamps:
  login: 1606792909552
  logout: 1606792879739
ipAddress: 113.197.97.176
logoutlocation:
  world: world
  x: -79.9711587021098
  y: 63.0
  z: 685.289650125501
  yaw: -184.0
  pitch: 41.0
