lastAccountName: ssedoc
timestamps:
  login: 1606987781687
  logout: 1606994402894
ipAddress: 113.197.96.144
logoutlocation:
  world: world
  x: -97.34874519037118
  y: 63.0
  z: 678.5734064531365
  yaw: 292.69678
  pitch: 10.20018
