Homes:
  24cb6268-56c1-3c25-9f3d-c43d891c5d00:
    X: 168.65143414126638
    Y: 53.0
    Z: 773.0665432176897
    Yaw: -106.256226
    Pitch: 25.349073
    World: world
  8d4d494b-0db0-3fa2-acb4-294350017ab8:
    X: 177.56182003074008
    Y: 53.0
    Z: 761.3063315454141
    Yaw: -178.30078
    Pitch: 9.85004
    World: world
  8e20ce76-b66a-30df-99b8-475e8622c3f3:
    X: 208.29461190122225
    Y: 56.0
    Z: 177.1469189136421
    Yaw: 26.231506
    Pitch: 39.14999
    World: world
  1e313b94-bd3c-3e86-b015-4fe8e9902360:
    X: 168.3522018496275
    Y: 53.0
    Z: 777.926500560902
    Yaw: -147.57637
    Pitch: 16.950043
    World: world
