lastAccountName: mightychoco
timestamps:
  login: 1606960679414
  logout: 1606961733760
ipAddress: 122.57.83.45
logoutlocation:
  world: world
  x: -119.17085402472492
  y: 63.0
  z: 734.4658022333518
  yaw: 268.4873
  pitch: 9.899664
