lastAccountName: 2Sp1cy
timestamps:
  login: 1606897442421
  logout: 1606901601899
ipAddress: 151.210.138.26
logoutlocation:
  world: world
  x: -116.40976797193288
  y: 63.0
  z: 732.3530918392088
  yaw: 266.78748
  pitch: 16.993069
