lastAccountName: stackdocker3
timestamps:
  login: 1607675808973
  logout: 1607675958168
ipAddress: 192.168.50.1
lastlocation:
  world: world
  x: -29.30000001192093
  y: 54.0
  z: 224.07543821698974
  yaw: -9.01754
  pitch: -2.0999768
logoutlocation:
  world: world
  x: -77.47334923056097
  y: 63.0
  z: 688.9804796892657
  yaw: -341.44485
  pitch: 2.699654
