lastAccountName: stackdocker2
timestamps:
  login: 1607059068801
  logout: 1607061384248
ipAddress: 192.168.50.49
logoutlocation:
  world: world
  x: -202.04902251253534
  y: 77.0
  z: 649.7481908822435
  yaw: 4.654639
  pitch: 9.049616
lastlocation:
  world: world
  x: 186.60255749311483
  y: 65.0
  z: -508.14982540330664
  yaw: -230.60751
  pitch: 32.749935
