lastAccountName: stackdocker2
timestamps:
  login: 1606969707247
  logout: 1606970733932
ipAddress: 192.168.50.49
logoutlocation:
  world: world
  x: -203.73050336426448
  y: 76.0
  z: 660.5224200850987
  yaw: -194.88184
  pitch: 9.44943
lastlocation:
  world: world
  x: 186.60255749311483
  y: 65.0
  z: -508.14982540330664
  yaw: -230.60751
  pitch: 32.749935
