lastAccountName: stackdocker2
timestamps:
  login: 1607675828553
  logout: 1607675957332
ipAddress: 192.168.50.1
logoutlocation:
  world: world
  x: -11.846917268995858
  y: 63.687774607182
  z: 690.5640246179079
  yaw: -69.2305
  pitch: 30.449804
lastlocation:
  world: world
  x: 186.60255749311483
  y: 65.0
  z: -508.14982540330664
  yaw: -230.60751
  pitch: 32.749935
money: '28321.89520000000006408'
afk: false
