lastAccountName: MasterBacon95
timestamps:
  login: 1606881138029
  logout: 1606881263645
ipAddress: 125.238.249.70
logoutlocation:
  world: world
  x: -267.21818370642563
  y: 55.0
  z: 1066.300000011921
  yaw: 18.698107
  pitch: 45.750114
