lastAccountName: kagoostewie
timestamps:
  login: 1606792914503
  logout: 1606792888045
ipAddress: 47.72.189.217
logoutlocation:
  world: world
  x: -64.51025392395687
  y: 63.0
  z: 765.3889956134672
  yaw: 57.74414
  pitch: 7.9677296
