lastAccountName: stackdocker1
timestamps:
  login: 1606952250968
  logout: 1606952357594
ipAddress: 192.168.50.1
logoutlocation:
  world: world
  x: -83.51407707394898
  y: 74.0
  z: 674.0994948755052
  yaw: -202.70035
  pitch: -1.7997096
