lastAccountName: MemeCraft10098
timestamps:
  login: 1606964100352
  logout: 1606964171447
ipAddress: 161.29.188.38
logoutlocation:
  world: world
  x: -82.91030923263737
  y: 63.0
  z: 684.837057498973
  yaw: -340.93228
  pitch: 22.800362
