lastAccountName: Max Carnage
timestamps:
  login: 1606893434728
  logout: 1606893440847
ipAddress: 101.98.102.130
logoutlocation:
  world: world
  x: -82.36290737600261
  y: 68.0
  z: 667.3000000119209
  yaw: 12.0
  pitch: 41.0
