lastAccountName: Max Carnage
timestamps:
  login: 1607649914353
  logout: 1607653617048
ipAddress: 101.98.102.130
logoutlocation:
  world: world
  x: -86.24508502030427
  y: 74.0
  z: 676.1830687427002
  yaw: -180.3204
  pitch: 2.9998715
