lastAccountName: Vennilli
timestamps:
  login: 1606899955242
  logout: 1606904062045
ipAddress: 47.72.138.154
logoutlocation:
  world: world
  x: -78.8361838992447
  y: 63.0
  z: 680.4749577116858
  yaw: -277.40698
  pitch: 66.14965
