lastAccountName: Vennilli
timestamps:
  login: 1607590097584
  logout: 1607598174504
ipAddress: 47.72.138.154
logoutlocation:
  world: world
  x: -76.40842568294104
  y: 63.0
  z: 670.8164799856701
  yaw: 86.83236
  pitch: 22.350052
money: '393.3320000000000127'
