lastAccountName: UnknownLaTrader
timestamps:
  login: 1607546528303
  logout: 1607546596920
ipAddress: 101.98.102.130
logoutlocation:
  world: world
  x: -81.81574009539816
  y: 63.0
  z: 682.2971804229139
  yaw: 161.88971
  pitch: 31.050665
