lastAccountName: UnknownLaTrader
timestamps:
  login: 1606946463421
  logout: 1606947060449
ipAddress: 101.98.102.130
logoutlocation:
  world: world
  x: -82.49243662228558
  y: 63.0
  z: 675.2639524383312
  yaw: 177.87549
  pitch: -7.5002146
