lastAccountName: ssedoc
timestamps:
  login: 1607635023235
  logout: 1607635023147
ipAddress: 113.197.98.166
logoutlocation:
  world: world
  x: -66.07080360559551
  y: 63.0
  z: 689.9192419295601
  yaw: -181.51283
  pitch: 16.500175
money: '79.8966666666666727'
