lastAccountName: ssedoc
timestamps:
  login: 1606897375771
  logout: 1606901263708
ipAddress: 45.112.60.178
logoutlocation:
  world: world
  x: -86.97863854159372
  y: 63.0
  z: 686.5243488572014
  yaw: 198.54701
  pitch: 11.999939
