lastAccountName: mightychoco
timestamps:
  login: 1610530399347
  logout: 1610530751165
ipAddress: 122.57.81.182
logoutlocation:
  world: world
  x: 183.59558241879418
  y: 53.0
  z: 767.2884015675806
  yaw: 147.14563
  pitch: 3.7482295
