lastAccountName: stackdocker3
timestamps:
  login: 1610330634341
  logout: 1610330641458
ipAddress: 192.168.50.1
logoutlocation:
  world: world
  x: 171.39483791801536
  y: 53.0
  z: 765.4430920138543
  yaw: 222.28387
  pitch: 5.2499957
