lastAccountName: stackdocker2
timestamps:
  login: 1610391889059
  logout: 1610392283269
  lastteleport: 1609736297167
ipAddress: 192.168.50.1
logoutlocation:
  world: world
  x: 169.30000001192093
  y: 53.0
  z: 756.0434091095208
  yaw: 81.351074
  pitch: 31.049181
lastlocation:
  world: world
  x: 123.91919582008242
  y: 62.9375
  z: 745.1626340774723
  yaw: -166.32745
  pitch: 43.200596
