lastAccountName: stackdocker1
timestamps:
  login: 1609733485554
  logout: 1609742458515
ipAddress: 192.168.50.1
logoutlocation:
  world: world
  x: 177.44745548937206
  y: 53.0
  z: 761.3000000119209
  yaw: -180.25195
  pitch: 7.750037
lastlocation:
  world: world
  x: 370.80583436064177
  y: 64.0
  z: 180.9646022375852
  yaw: 90.454796
  pitch: 6.600133
