lastAccountName: M3MEcr4ft
timestamps:
  login: 1609824909449
  logout: 1609825019112
ipAddress: 101.100.155.188
logoutlocation:
  world: world
  x: 101.69999998807907
  y: 69.0
  z: 181.66582427882295
  yaw: -122.051735
  pitch: 87.600365
