lastAccountName: Max Carnage
timestamps:
  login: 1609824643956
  logout: 1609825002556
ipAddress: 101.98.102.130
logoutlocation:
  world: world
  x: 123.46561404631765
  y: 72.0
  z: 180.5854413616467
  yaw: 72.44963
  pitch: 49.34997
