lastAccountName: Venni
timestamps:
  login: 1609632711358
  logout: 1609635268278
ipAddress: 47.72.138.154
logoutlocation:
  world: world
  x: 389.03238117575347
  y: 74.0
  z: 207.5575726046809
  yaw: -30.602173
  pitch: 14.400154
