lastAccountName: ssedoc
timestamps:
  login: 1610350131241
  logout: 1610350161554
ipAddress: 113.197.99.192
logoutlocation:
  world: world
  x: 432.5173739645938
  y: 68.0
  z: 170.9516600874304
  yaw: -92.55099
  pitch: 10.649431
